Point 0 positions: 2.67308 0.311814 0.15761 0.576386 1.18742 0.909478  | velocities: -0.0911199 -0.00948152 -0.0391394 -0.0272142 -0.066802 -0.10075  | time: 0
Point 1 positions: 2.67263 0.311767 0.157414 0.57625 1.18709 0.908974  | velocities: -0.0916201 -0.00953357 -0.0393543 -0.0273636 -0.0671688 -0.101303  | time: 0.005
Point 2 positions: 2.67217 0.311719 0.157216 0.576112 1.18675 0.908463  | velocities: -0.0931208 -0.00968973 -0.0399989 -0.0278118 -0.068269 -0.102963  | time: 0.01
Point 3 positions: 2.67169 0.31167 0.157013 0.575971 1.1864 0.907942  | velocities: -0.095622 -0.00994999 -0.0410733 -0.0285588 -0.0701026 -0.105728  | time: 0.015
Point 4 positions: 2.67121 0.311619 0.156804 0.575826 1.18605 0.907404  | velocities: -0.0991237 -0.0103144 -0.0425774 -0.0296047 -0.0726698 -0.1096  | time: 0.02
Point 5 positions: 2.6707 0.311566 0.156587 0.575674 1.18568 0.906844  | velocities: -0.103626 -0.0107828 -0.0445112 -0.0309493 -0.0759704 -0.114578  | time: 0.025
Point 6 positions: 2.67017 0.311511 0.156359 0.575516 1.18529 0.906257  | velocities: -0.109128 -0.0113554 -0.0468748 -0.0325927 -0.0800045 -0.120662  | time: 0.03
Point 7 positions: 2.66961 0.311453 0.156117 0.575348 1.18488 0.905636  | velocities: -0.115632 -0.0120321 -0.0496681 -0.034535 -0.084772 -0.127852  | time: 0.035
Point 8 positions: 2.66901 0.311391 0.155861 0.57517 1.18444 0.904976  | velocities: -0.123135 -0.0128129 -0.0528912 -0.036776 -0.0902731 -0.136149  | time: 0.04
Point 9 positions: 2.66837 0.311324 0.155588 0.57498 1.18397 0.904273  | velocities: -0.131639 -0.0136978 -0.056544 -0.0393159 -0.0965076 -0.145552  | time: 0.045
Point 10 positions: 2.66769 0.311253 0.155295 0.574776 1.18347 0.903519  | velocities: -0.141144 -0.0146868 -0.0606265 -0.0421545 -0.103476 -0.156061  | time: 0.05
Point 11 positions: 2.66696 0.311177 0.154981 0.574558 1.18294 0.90271  | velocities: -0.151649 -0.0157799 -0.0651388 -0.045292 -0.111177 -0.167676  | time: 0.055
Point 12 positions: 2.66618 0.311096 0.154643 0.574323 1.18236 0.90184  | velocities: -0.163154 -0.0169771 -0.0700809 -0.0487282 -0.119612 -0.180398  | time: 0.06
Point 13 positions: 2.66533 0.311007 0.154279 0.57407 1.18174 0.900904  | velocities: -0.17566 -0.0182784 -0.0754526 -0.0524633 -0.12878 -0.194225  | time: 0.065
Point 14 positions: 2.66442 0.310913 0.153888 0.573798 1.18107 0.899896  | velocities: -0.189166 -0.0196838 -0.0812541 -0.0564972 -0.138682 -0.209159  | time: 0.07
Point 15 positions: 2.66344 0.31081 0.153466 0.573505 1.18035 0.898811  | velocities: -0.203673 -0.0211933 -0.0874854 -0.0608299 -0.149317 -0.225199  | time: 0.075
Point 16 positions: 2.66238 0.3107 0.153012 0.573189 1.17958 0.897642  | velocities: -0.219181 -0.0228069 -0.0941464 -0.0654614 -0.160686 -0.242346  | time: 0.08
Point 17 positions: 2.66124 0.310582 0.152524 0.572849 1.17874 0.896386  | velocities: -0.235689 -0.0245247 -0.101237 -0.0703916 -0.172789 -0.260598  | time: 0.085
Point 18 positions: 2.66002 0.310455 0.151999 0.572484 1.17785 0.895035  | velocities: -0.253197 -0.0263465 -0.108758 -0.0756207 -0.185624 -0.279957  | time: 0.09
Point 19 positions: 2.65871 0.310319 0.151436 0.572093 1.17688 0.893584  | velocities: -0.271706 -0.0282724 -0.116708 -0.0811487 -0.199193 -0.300422  | time: 0.095
Point 20 positions: 2.6573 0.310172 0.150831 0.571673 1.17585 0.892029  | velocities: -0.291215 -0.0303025 -0.125088 -0.0869754 -0.213496 -0.321993  | time: 0.1
Point 21 positions: 2.6558 0.310015 0.150184 0.571223 1.17475 0.890364  | velocities: -0.31109 -0.0323706 -0.133625 -0.0929115 -0.228067 -0.343969  | time: 0.105
Point 22 positions: 2.65419 0.309848 0.149495 0.570744 1.17357 0.888589  | velocities: -0.330698 -0.0344109 -0.142047 -0.0987675 -0.242442 -0.365649  | time: 0.11
Point 23 positions: 2.65249 0.309671 0.148764 0.570235 1.17232 0.886708  | velocities: -0.350038 -0.0364233 -0.150354 -0.104544 -0.25662 -0.387033  | time: 0.115
Point 24 positions: 2.65069 0.309484 0.147992 0.569698 1.17101 0.88472  | velocities: -0.369109 -0.0384078 -0.158546 -0.11024 -0.270602 -0.40812  | time: 0.12
Point 25 positions: 2.6488 0.309287 0.147179 0.569133 1.16962 0.882627  | velocities: -0.387913 -0.0403644 -0.166623 -0.115856 -0.284388 -0.428911  | time: 0.125
Point 26 positions: 2.64681 0.309081 0.146326 0.56854 1.16816 0.880431  | velocities: -0.406448 -0.0422932 -0.174585 -0.121391 -0.297976 -0.449406  | time: 0.13
Point 27 positions: 2.64473 0.308864 0.145433 0.567919 1.16664 0.878133  | velocities: -0.424716 -0.044194 -0.182432 -0.126847 -0.311369 -0.469604  | time: 0.135
Point 28 positions: 2.64257 0.308639 0.144502 0.567271 1.16505 0.875735  | velocities: -0.442716 -0.046067 -0.190163 -0.132223 -0.324565 -0.489506  | time: 0.14
Point 29 positions: 2.64031 0.308404 0.143532 0.566597 1.16339 0.873239  | velocities: -0.460448 -0.0479121 -0.19778 -0.137519 -0.337564 -0.509112  | time: 0.145
Point 30 positions: 2.63796 0.30816 0.142524 0.565896 1.16167 0.870645  | velocities: -0.477912 -0.0497293 -0.205281 -0.142735 -0.350368 -0.528421  | time: 0.15
Point 31 positions: 2.63553 0.307907 0.141479 0.56517 1.15989 0.867955  | velocities: -0.495107 -0.0515186 -0.212667 -0.147871 -0.362974 -0.547435  | time: 0.155
Point 32 positions: 2.63301 0.307645 0.140398 0.564418 1.15804 0.865171  | velocities: -0.512035 -0.05328 -0.219939 -0.152926 -0.375384 -0.566152  | time: 0.16
Point 33 positions: 2.63041 0.307374 0.13928 0.563641 1.15614 0.862294  | velocities: -0.528695 -0.0550136 -0.227095 -0.157902 -0.387598 -0.584572  | time: 0.165
Point 34 positions: 2.62772 0.307095 0.138127 0.562839 1.15417 0.859326  | velocities: -0.545087 -0.0567193 -0.234136 -0.162798 -0.399616 -0.602697  | time: 0.17
Point 35 positions: 2.62496 0.306807 0.136939 0.562013 1.15214 0.856267  | velocities: -0.561211 -0.058397 -0.241061 -0.167613 -0.411436 -0.620525  | time: 0.175
Point 36 positions: 2.62211 0.306511 0.135716 0.561163 1.15006 0.853121  | velocities: -0.577067 -0.060047 -0.247872 -0.172349 -0.423061 -0.638057  | time: 0.18
Point 37 positions: 2.61919 0.306206 0.13446 0.56029 1.14791 0.849887  | velocities: -0.592655 -0.061669 -0.254568 -0.177005 -0.434489 -0.655292  | time: 0.185
Point 38 positions: 2.61619 0.305894 0.133171 0.559393 1.14571 0.846568  | velocities: -0.607975 -0.0632631 -0.261148 -0.18158 -0.44572 -0.672231  | time: 0.19
Point 39 positions: 2.61311 0.305574 0.131849 0.558474 1.14345 0.843166  | velocities: -0.623027 -0.0648294 -0.267614 -0.186076 -0.456755 -0.688874  | time: 0.195
Point 40 positions: 2.60996 0.305246 0.130495 0.557532 1.14114 0.83968  | velocities: -0.637811 -0.0663677 -0.273964 -0.190491 -0.467594 -0.705221  | time: 0.2
Point 41 positions: 2.60673 0.30491 0.129109 0.556569 1.13878 0.836114  | velocities: -0.652497 -0.0678959 -0.280272 -0.194877 -0.47836 -0.721459  | time: 0.205
Point 42 positions: 2.60343 0.304567 0.127692 0.555584 1.13636 0.832466  | velocities: -0.667254 -0.0694314 -0.286611 -0.199285 -0.489179 -0.737776  | time: 0.21
Point 43 positions: 2.60006 0.304216 0.126243 0.554576 1.13389 0.828736  | velocities: -0.682083 -0.0709744 -0.292981 -0.203714 -0.50005 -0.754172  | time: 0.215
Point 44 positions: 2.59661 0.303857 0.124762 0.553546 1.13136 0.824924  | velocities: -0.696983 -0.0725249 -0.299381 -0.208164 -0.510974 -0.770646  | time: 0.22
Point 45 positions: 2.59309 0.30349 0.123249 0.552494 1.12878 0.821029  | velocities: -0.711955 -0.0740827 -0.305811 -0.212635 -0.52195 -0.7872  | time: 0.225
Point 46 positions: 2.58949 0.303116 0.121704 0.55142 1.12614 0.817052  | velocities: -0.726997 -0.075648 -0.312273 -0.217128 -0.532978 -0.803833  | time: 0.23
Point 47 positions: 2.58582 0.302734 0.120127 0.550323 1.12345 0.812991  | velocities: -0.742112 -0.0772207 -0.318765 -0.221642 -0.544059 -0.820545  | time: 0.235
Point 48 positions: 2.58207 0.302344 0.118517 0.549204 1.1207 0.808846  | velocities: -0.757297 -0.0788009 -0.325288 -0.226177 -0.555192 -0.837335  | time: 0.24
Point 49 positions: 2.57825 0.301946 0.116874 0.548061 1.1179 0.804617  | velocities: -0.772554 -0.0803885 -0.331841 -0.230734 -0.566377 -0.854205  | time: 0.245
Point 50 positions: 2.57434 0.30154 0.115198 0.546896 1.11504 0.800304  | velocities: -0.787883 -0.0819835 -0.338425 -0.235312 -0.577614 -0.871153  | time: 0.25
Point 51 positions: 2.57037 0.301126 0.113489 0.545708 1.11212 0.795905  | velocities: -0.803283 -0.0835859 -0.34504 -0.239912 -0.588904 -0.888181  | time: 0.255
Point 52 positions: 2.56631 0.300704 0.111748 0.544497 1.10915 0.791422  | velocities: -0.818754 -0.0851958 -0.351686 -0.244532 -0.600247 -0.905287  | time: 0.26
Point 53 positions: 2.56218 0.300274 0.109973 0.543263 1.10612 0.786852  | velocities: -0.834297 -0.0868131 -0.358362 -0.249174 -0.611641 -0.922472  | time: 0.265
Point 54 positions: 2.55797 0.299836 0.108164 0.542005 1.10303 0.782197  | velocities: -0.849911 -0.0884378 -0.365069 -0.253838 -0.623088 -0.939737  | time: 0.27
Point 55 positions: 2.55368 0.29939 0.106322 0.540724 1.09989 0.777455  | velocities: -0.865596 -0.09007 -0.371806 -0.258522 -0.634588 -0.95708  | time: 0.275
Point 56 positions: 2.54931 0.298935 0.104446 0.53942 1.09668 0.772626  | velocities: -0.881353 -0.0917095 -0.378574 -0.263228 -0.646139 -0.974502  | time: 0.28
Point 57 positions: 2.54487 0.298473 0.102536 0.538092 1.09342 0.76771  | velocities: -0.897181 -0.0933566 -0.385373 -0.267956 -0.657744 -0.992003  | time: 0.285
Point 58 positions: 2.54034 0.298002 0.100592 0.53674 1.09011 0.762706  | velocities: -0.913081 -0.095011 -0.392203 -0.272704 -0.6694 -1.00958  | time: 0.29
Point 59 positions: 2.53573 0.297522 0.0986139 0.535365 1.08673 0.757614  | velocities: -0.929052 -0.0966729 -0.399063 -0.277474 -0.681109 -1.02724  | time: 0.295
Point 60 positions: 2.53105 0.297035 0.0966014 0.533966 1.08329 0.752433  | velocities: -0.945094 -0.0983422 -0.405954 -0.282266 -0.69287 -1.04498  | time: 0.3
Point 61 positions: 2.52628 0.296539 0.0945543 0.532542 1.0798 0.747164  | velocities: -0.961164 -0.100014 -0.412856 -0.287065 -0.70465 -1.06275  | time: 0.305
Point 62 positions: 2.52144 0.296035 0.0924728 0.531095 1.07625 0.741806  | velocities: -0.977215 -0.101685 -0.419751 -0.291859 -0.716418 -1.0805  | time: 0.31
Point 63 positions: 2.51651 0.295522 0.0903568 0.529624 1.07264 0.736359  | velocities: -0.993249 -0.103353 -0.426638 -0.296648 -0.728173 -1.09822  | time: 0.315
Point 64 positions: 2.51151 0.295001 0.0882065 0.528129 1.06897 0.730824  | velocities: -1.00927 -0.10502 -0.433518 -0.301431 -0.739915 -1.11593  | time: 0.32
Point 65 positions: 2.50642 0.294472 0.0860217 0.526609 1.06524 0.7252  | velocities: -1.02526 -0.106684 -0.44039 -0.30621 -0.751645 -1.13362  | time: 0.325
Point 66 positions: 2.50125 0.293934 0.0838026 0.525066 1.06145 0.719487  | velocities: -1.04125 -0.108347 -0.447255 -0.310983 -0.763361 -1.15129  | time: 0.33
Point 67 positions: 2.49601 0.293389 0.0815491 0.5235 1.0576 0.713687  | velocities: -1.05721 -0.110008 -0.454112 -0.31575 -0.775064 -1.16895  | time: 0.335
Point 68 positions: 2.49068 0.292834 0.0792615 0.521909 1.0537 0.707798  | velocities: -1.07316 -0.111668 -0.460961 -0.320513 -0.786755 -1.18658  | time: 0.34
Point 69 positions: 2.48527 0.292272 0.0769395 0.520294 1.04974 0.701821  | velocities: -1.08908 -0.113325 -0.467803 -0.32527 -0.798432 -1.20419  | time: 0.345
Point 70 positions: 2.47979 0.291701 0.0745834 0.518656 1.04572 0.695756  | velocities: -1.105 -0.114981 -0.474637 -0.330022 -0.810097 -1.22178  | time: 0.35
Point 71 positions: 2.47423 0.291122 0.0721932 0.516994 1.04164 0.689603  | velocities: -1.12089 -0.116635 -0.481464 -0.334769 -0.821749 -1.23935  | time: 0.355
Point 72 positions: 2.46858 0.290535 0.0697688 0.515309 1.0375 0.683363  | velocities: -1.13676 -0.118287 -0.488283 -0.33951 -0.833387 -1.25691  | time: 0.36
Point 73 positions: 2.46286 0.289939 0.0673104 0.513599 1.0333 0.677034  | velocities: -1.15262 -0.119937 -0.495095 -0.344247 -0.845013 -1.27444  | time: 0.365
Point 74 positions: 2.45705 0.289335 0.0648179 0.511866 1.02905 0.670618  | velocities: -1.16846 -0.121585 -0.501899 -0.348978 -0.856626 -1.29196  | time: 0.37
Point 75 positions: 2.45117 0.288723 0.0622914 0.510109 1.02474 0.664115  | velocities: -1.18429 -0.123231 -0.508696 -0.353703 -0.868227 -1.30945  | time: 0.375
Point 76 positions: 2.44521 0.288103 0.0597309 0.508329 1.02037 0.657524  | velocities: -1.20009 -0.124876 -0.515485 -0.358424 -0.879814 -1.32693  | time: 0.38
Point 77 positions: 2.43917 0.287475 0.0571366 0.506525 1.01594 0.650846  | velocities: -1.21588 -0.126519 -0.522266 -0.363139 -0.891388 -1.34438  | time: 0.385
Point 78 positions: 2.43305 0.286838 0.0545083 0.504698 1.01145 0.64408  | velocities: -1.23165 -0.12816 -0.52904 -0.367849 -0.902949 -1.36182  | time: 0.39
Point 79 positions: 2.42686 0.286193 0.0518462 0.502847 1.00691 0.637227  | velocities: -1.2474 -0.129799 -0.535806 -0.372554 -0.914498 -1.37924  | time: 0.395
Point 80 positions: 2.42058 0.28554 0.0491502 0.500972 1.00231 0.630288  | velocities: -1.26314 -0.131436 -0.542565 -0.377253 -0.926034 -1.39664  | time: 0.4
Point 81 positions: 2.41422 0.284879 0.0464205 0.499074 0.997648 0.623261  | velocities: -1.27886 -0.133073 -0.54932 -0.38195 -0.937562 -1.41402  | time: 0.405
Point 82 positions: 2.40779 0.284209 0.043657 0.497153 0.992931 0.616147  | velocities: -1.29459 -0.134709 -0.556074 -0.386646 -0.94909 -1.43141  | time: 0.41
Point 83 positions: 2.40128 0.283532 0.0408598 0.495208 0.988157 0.608947  | velocities: -1.31031 -0.136345 -0.562828 -0.391342 -0.960618 -1.4488  | time: 0.415
Point 84 positions: 2.39469 0.282846 0.0380288 0.493239 0.983325 0.601659  | velocities: -1.32603 -0.137981 -0.569581 -0.396038 -0.972144 -1.46618  | time: 0.42
Point 85 positions: 2.38802 0.282152 0.035164 0.491247 0.978435 0.594285  | velocities: -1.34175 -0.139617 -0.576334 -0.400734 -0.98367 -1.48356  | time: 0.425
Point 86 positions: 2.38127 0.28145 0.0322654 0.489232 0.973488 0.586824  | velocities: -1.35748 -0.141253 -0.583087 -0.405429 -0.995195 -1.50095  | time: 0.43
Point 87 positions: 2.37444 0.280739 0.0293331 0.487193 0.968483 0.579276  | velocities: -1.37319 -0.142888 -0.589839 -0.410124 -1.00672 -1.51833  | time: 0.435
Point 88 positions: 2.36754 0.280021 0.026367 0.485131 0.963421 0.571641  | velocities: -1.38891 -0.144524 -0.596591 -0.414818 -1.01824 -1.53571  | time: 0.44
Point 89 positions: 2.36055 0.279294 0.0233672 0.483045 0.958301 0.563919  | velocities: -1.40463 -0.146159 -0.603342 -0.419513 -1.02977 -1.55309  | time: 0.445
Point 90 positions: 2.35349 0.278559 0.0203336 0.480936 0.953123 0.55611  | velocities: -1.42035 -0.147795 -0.610093 -0.424207 -1.04129 -1.57046  | time: 0.45
Point 91 positions: 2.34635 0.277816 0.0172663 0.478803 0.947888 0.548214  | velocities: -1.43606 -0.14943 -0.616844 -0.4289 -1.05281 -1.58784  | time: 0.455
Point 92 positions: 2.33913 0.277065 0.0141652 0.476647 0.942595 0.540231  | velocities: -1.45178 -0.151065 -0.623594 -0.433594 -1.06433 -1.60522  | time: 0.46
Point 93 positions: 2.33183 0.276305 0.0110303 0.474467 0.937245 0.532162  | velocities: -1.46749 -0.1527 -0.630343 -0.438287 -1.07585 -1.62259  | time: 0.465
Point 94 positions: 2.32446 0.275538 0.00786174 0.472264 0.931837 0.524005  | velocities: -1.4832 -0.154335 -0.637093 -0.44298 -1.08737 -1.63996  | time: 0.47
Point 95 positions: 2.317 0.274762 0.0046594 0.470037 0.926371 0.515762  | velocities: -1.49892 -0.15597 -0.643841 -0.447672 -1.09889 -1.65734  | time: 0.475
Point 96 positions: 2.30947 0.273978 0.00142332 0.467787 0.920848 0.507432  | velocities: -1.51463 -0.157605 -0.65059 -0.452364 -1.11041 -1.67471  | time: 0.48
Point 97 positions: 2.30185 0.273186 -0.0018465 0.465513 0.915267 0.499015  | velocities: -1.53034 -0.15924 -0.657338 -0.457056 -1.12192 -1.69208  | time: 0.485
Point 98 positions: 2.29416 0.272386 -0.00515005 0.463216 0.909629 0.490511  | velocities: -1.54605 -0.160874 -0.664085 -0.461748 -1.13344 -1.70945  | time: 0.49
Point 99 positions: 2.28639 0.271577 -0.00848735 0.460896 0.903933 0.481921  | velocities: -1.56175 -0.162509 -0.670832 -0.466439 -1.14496 -1.72681  | time: 0.495
Point 100 positions: 2.27855 0.270761 -0.0118584 0.458552 0.898179 0.473243  | velocities: -1.57746 -0.164143 -0.677579 -0.47113 -1.15647 -1.74418  | time: 0.5
Point 101 positions: 2.27062 0.269936 -0.0152631 0.456185 0.892368 0.464479  | velocities: -1.59318 -0.165779 -0.68433 -0.475825 -1.16799 -1.76156  | time: 0.505
Point 102 positions: 2.26261 0.269103 -0.0187017 0.453794 0.886499 0.455628  | velocities: -1.60892 -0.167416 -0.69109 -0.480525 -1.17953 -1.77896  | time: 0.51
Point 103 positions: 2.25453 0.268262 -0.0221741 0.451379 0.880572 0.446689  | velocities: -1.62468 -0.169056 -0.69786 -0.485232 -1.19109 -1.79639  | time: 0.515
Point 104 positions: 2.24637 0.267412 -0.0256803 0.448941 0.874588 0.437664  | velocities: -1.64046 -0.170699 -0.704639 -0.489946 -1.20266 -1.81384  | time: 0.52
Point 105 positions: 2.23813 0.266555 -0.0292205 0.44648 0.868546 0.428551  | velocities: -1.65626 -0.172343 -0.711427 -0.494665 -1.21424 -1.83131  | time: 0.525
Point 106 positions: 2.2298 0.265689 -0.0327946 0.443995 0.862446 0.419351  | velocities: -1.67209 -0.17399 -0.718224 -0.499392 -1.22584 -1.84881  | time: 0.53
Point 107 positions: 2.2214 0.264815 -0.0364027 0.441486 0.856287 0.410063  | velocities: -1.68793 -0.175639 -0.725031 -0.504124 -1.23746 -1.86633  | time: 0.535
Point 108 positions: 2.21293 0.263932 -0.0400449 0.438954 0.850071 0.400687  | velocities: -1.7038 -0.17729 -0.731847 -0.508864 -1.24909 -1.88387  | time: 0.54
Point 109 positions: 2.20437 0.263042 -0.0437212 0.436397 0.843796 0.391224  | velocities: -1.71969 -0.178943 -0.738672 -0.513609 -1.26074 -1.90144  | time: 0.545
Point 110 positions: 2.19573 0.262143 -0.0474316 0.433817 0.837464 0.381673  | velocities: -1.7356 -0.180599 -0.745506 -0.518361 -1.27241 -1.91903  | time: 0.55
Point 111 positions: 2.18701 0.261236 -0.0511763 0.431214 0.831072 0.372034  | velocities: -1.75153 -0.182257 -0.75235 -0.52312 -1.28409 -1.93665  | time: 0.555
Point 112 positions: 2.17821 0.26032 -0.0549552 0.428586 0.824623 0.362306  | velocities: -1.76749 -0.183917 -0.759203 -0.527885 -1.29578 -1.95429  | time: 0.56
Point 113 positions: 2.16934 0.259397 -0.0587683 0.425935 0.818114 0.352491  | velocities: -1.78346 -0.185579 -0.766065 -0.532656 -1.3075 -1.97196  | time: 0.565
Point 114 positions: 2.16038 0.258465 -0.0626158 0.42326 0.811548 0.342587  | velocities: -1.79946 -0.187244 -0.772936 -0.537434 -1.31922 -1.98964  | time: 0.57
Point 115 positions: 2.15134 0.257524 -0.0664977 0.42056 0.804922 0.332594  | velocities: -1.81548 -0.18891 -0.779817 -0.542218 -1.33097 -2.00736  | time: 0.575
Point 116 positions: 2.14222 0.256576 -0.070414 0.417837 0.798238 0.322513  | velocities: -1.83152 -0.19058 -0.786707 -0.547009 -1.34273 -2.02509  | time: 0.58
Point 117 positions: 2.13303 0.255618 -0.0743648 0.41509 0.791495 0.312343  | velocities: -1.84758 -0.192251 -0.793606 -0.551806 -1.3545 -2.04285  | time: 0.585
Point 118 positions: 2.12375 0.254653 -0.0783501 0.412319 0.784693 0.302084  | velocities: -1.86366 -0.193924 -0.800515 -0.556609 -1.36629 -2.06063  | time: 0.59
Point 119 positions: 2.11439 0.253679 -0.08237 0.409524 0.777832 0.291737  | velocities: -1.87977 -0.1956 -0.807432 -0.561419 -1.3781 -2.07844  | time: 0.595
Point 120 positions: 2.10495 0.252697 -0.0864244 0.406705 0.770912 0.2813  | velocities: -1.8959 -0.197278 -0.814359 -0.566236 -1.38992 -2.09627  | time: 0.6
Point 121 positions: 2.09543 0.251706 -0.0905135 0.403862 0.763933 0.270774  | velocities: -1.91199 -0.198953 -0.821273 -0.571043 -1.40172 -2.11407  | time: 0.605
Point 122 positions: 2.08583 0.250707 -0.0946371 0.400995 0.756895 0.26016  | velocities: -1.928 -0.200619 -0.828149 -0.575824 -1.41346 -2.13177  | time: 0.61
Point 123 positions: 2.07615 0.2497 -0.098795 0.398104 0.749798 0.249457  | velocities: -1.94393 -0.202276 -0.834989 -0.58058 -1.42513 -2.14938  | time: 0.615
Point 124 positions: 2.06639 0.248685 -0.102987 0.395189 0.742643 0.238666  | velocities: -1.95976 -0.203924 -0.841793 -0.585311 -1.43675 -2.16689  | time: 0.62
Point 125 positions: 2.05655 0.247661 -0.107213 0.392251 0.735431 0.227788  | velocities: -1.97552 -0.205563 -0.84856 -0.590016 -1.4483 -2.18431  | time: 0.625
Point 126 positions: 2.04664 0.246629 -0.111472 0.389289 0.728161 0.216823  | velocities: -1.99119 -0.207194 -0.85529 -0.594696 -1.45978 -2.20163  | time: 0.63
Point 127 positions: 2.03664 0.245589 -0.115766 0.386304 0.720833 0.205772  | velocities: -2.00677 -0.208815 -0.861984 -0.59935 -1.47121 -2.21886  | time: 0.635
Point 128 positions: 2.02657 0.244541 -0.120092 0.383295 0.713449 0.194635  | velocities: -2.02227 -0.210428 -0.868641 -0.603979 -1.48257 -2.236  | time: 0.64
Point 129 positions: 2.01642 0.243485 -0.124452 0.380264 0.706008 0.183412  | velocities: -2.03768 -0.212032 -0.875262 -0.608582 -1.49387 -2.25304  | time: 0.645
Point 130 positions: 2.00619 0.242421 -0.128845 0.37721 0.69851 0.172104  | velocities: -2.05301 -0.213627 -0.881845 -0.61316 -1.50511 -2.26999  | time: 0.65
Point 131 positions: 1.99589 0.241349 -0.13327 0.374132 0.690957 0.160712  | velocities: -2.06825 -0.215213 -0.888393 -0.617712 -1.51628 -2.28684  | time: 0.655
Point 132 positions: 1.98551 0.240269 -0.137729 0.371033 0.683347 0.149236  | velocities: -2.08341 -0.21679 -0.894904 -0.622239 -1.52739 -2.3036  | time: 0.66
Point 133 positions: 1.97505 0.239181 -0.142219 0.36791 0.675683 0.137676  | velocities: -2.09848 -0.218359 -0.901378 -0.626741 -1.53844 -2.32027  | time: 0.665
Point 134 positions: 1.96452 0.238085 -0.146742 0.364765 0.667963 0.126033  | velocities: -2.11347 -0.219918 -0.907815 -0.631217 -1.54943 -2.33684  | time: 0.67
Point 135 positions: 1.95392 0.236982 -0.151297 0.361598 0.660188 0.114308  | velocities: -2.12837 -0.221469 -0.914216 -0.635668 -1.56036 -2.35332  | time: 0.675
Point 136 positions: 1.94324 0.23587 -0.155884 0.358409 0.65236 0.1025  | velocities: -2.14319 -0.22301 -0.920581 -0.640093 -1.57122 -2.3697  | time: 0.68
Point 137 positions: 1.93249 0.234751 -0.160503 0.355197 0.644476 0.0906112  | velocities: -2.15792 -0.224543 -0.926909 -0.644493 -1.58202 -2.38599  | time: 0.685
Point 138 positions: 1.92166 0.233625 -0.165154 0.351964 0.636539 0.0786407  | velocities: -2.17257 -0.226067 -0.9332 -0.648867 -1.59276 -2.40218  | time: 0.69
Point 139 positions: 1.91076 0.232491 -0.169835 0.348708 0.628549 0.0665895  | velocities: -2.18713 -0.227583 -0.939454 -0.653216 -1.60343 -2.41828  | time: 0.695
Point 140 positions: 1.89979 0.231349 -0.174548 0.345432 0.620505 0.054458  | velocities: -2.2016 -0.229089 -0.945673 -0.65754 -1.61405 -2.43429  | time: 0.7
Point 141 positions: 1.88875 0.2302 -0.179292 0.342133 0.612408 0.0422464  | velocities: -2.2162 -0.230607 -0.951941 -0.661898 -1.62474 -2.45043  | time: 0.705
Point 142 positions: 1.87763 0.229043 -0.184068 0.338812 0.604257 0.0299532  | velocities: -2.23111 -0.232159 -0.958346 -0.666352 -1.63568 -2.46691  | time: 0.71
Point 143 positions: 1.86643 0.227878 -0.188876 0.335469 0.596051 0.0175766  | velocities: -2.24634 -0.233744 -0.964889 -0.670901 -1.64684 -2.48375  | time: 0.715
Point 144 positions: 1.85516 0.226705 -0.193717 0.332103 0.587789 0.00511504  | velocities: -2.26189 -0.235362 -0.971568 -0.675545 -1.65824 -2.50095  | time: 0.72
Point 145 positions: 1.84382 0.225525 -0.198592 0.328714 0.579468 -0.00743343  | velocities: -2.27776 -0.237013 -0.978385 -0.680285 -1.66988 -2.5185  | time: 0.725
Point 146 positions: 1.83239 0.224335 -0.203501 0.3253 0.571089 -0.0200705  | velocities: -2.29395 -0.238698 -0.985339 -0.68512 -1.68175 -2.5364  | time: 0.73
Point 147 positions: 1.82088 0.223138 -0.208445 0.321862 0.56265 -0.032798  | velocities: -2.31046 -0.240416 -0.992429 -0.690051 -1.69385 -2.55465  | time: 0.735
Point 148 positions: 1.80928 0.221931 -0.213425 0.3184 0.554151 -0.0456176  | velocities: -2.32729 -0.242167 -0.999657 -0.695076 -1.70619 -2.57325  | time: 0.74
Point 149 positions: 1.7976 0.220716 -0.218442 0.314911 0.545588 -0.0585311  | velocities: -2.34443 -0.243951 -1.00702 -0.700197 -1.71876 -2.59221  | time: 0.745
Point 150 positions: 1.78584 0.219492 -0.223496 0.311397 0.536963 -0.0715403  | velocities: -2.3619 -0.245768 -1.01452 -0.705414 -1.73156 -2.61152  | time: 0.75
Point 151 positions: 1.77398 0.218258 -0.228587 0.307857 0.528272 -0.0846469  | velocities: -2.37968 -0.247619 -1.02216 -0.710725 -1.7446 -2.63119  | time: 0.755
Point 152 positions: 1.76204 0.217015 -0.233718 0.30429 0.519516 -0.0978528  | velocities: -2.39779 -0.249503 -1.02994 -0.716132 -1.75787 -2.65121  | time: 0.76
Point 153 positions: 1.75 0.215763 -0.238887 0.300696 0.510693 -0.11116  | velocities: -2.41621 -0.25142 -1.03785 -0.721635 -1.77138 -2.67158  | time: 0.765
Point 154 positions: 1.73788 0.214501 -0.244096 0.297074 0.501802 -0.124569  | velocities: -2.43495 -0.25337 -1.0459 -0.727232 -1.78512 -2.6923  | time: 0.77
Point 155 positions: 1.72565 0.213229 -0.249346 0.293423 0.492842 -0.138083  | velocities: -2.45401 -0.255353 -1.05409 -0.732925 -1.79909 -2.71338  | time: 0.775
Point 156 positions: 1.71334 0.211947 -0.254638 0.289744 0.483811 -0.151703  | velocities: -2.47339 -0.25737 -1.06242 -0.738713 -1.8133 -2.7348  | time: 0.78
Point 157 positions: 1.70092 0.210655 -0.259971 0.286036 0.474708 -0.165432  | velocities: -2.49309 -0.25942 -1.07088 -0.744597 -1.82774 -2.75659  | time: 0.785
Point 158 positions: 1.6884 0.209353 -0.265347 0.282298 0.465533 -0.17927  | velocities: -2.51311 -0.261503 -1.07948 -0.750576 -1.84242 -2.77872  | time: 0.79
Point 159 positions: 1.67579 0.20804 -0.270766 0.27853 0.456284 -0.19322  | velocities: -2.53345 -0.263619 -1.08821 -0.75665 -1.85733 -2.80121  | time: 0.795
Point 160 positions: 1.66307 0.206717 -0.276229 0.274731 0.446959 -0.207283  | velocities: -2.55411 -0.265769 -1.09709 -0.76282 -1.87247 -2.82405  | time: 0.8
Point 161 positions: 1.65025 0.205383 -0.281736 0.270902 0.437559 -0.221459  | velocities: -2.57432 -0.267872 -1.10577 -0.768856 -1.88729 -2.8464  | time: 0.805
Point 162 positions: 1.63733 0.204038 -0.287286 0.267043 0.428088 -0.235744  | velocities: -2.59332 -0.269849 -1.11393 -0.774531 -1.90122 -2.8674  | time: 0.81
Point 163 positions: 1.62432 0.202684 -0.292875 0.263157 0.418549 -0.250131  | velocities: -2.61111 -0.2717 -1.12157 -0.779843 -1.91426 -2.88707  | time: 0.815
Point 164 positions: 1.61122 0.201322 -0.298501 0.259246 0.408947 -0.264613  | velocities: -2.62768 -0.273425 -1.12869 -0.784794 -1.92641 -2.9054  | time: 0.82
Point 165 positions: 1.59804 0.19995 -0.304161 0.25531 0.399286 -0.279183  | velocities: -2.64305 -0.275024 -1.13529 -0.789383 -1.93768 -2.92239  | time: 0.825
Point 166 positions: 1.58479 0.198572 -0.309853 0.251352 0.389571 -0.293834  | velocities: -2.6572 -0.276496 -1.14137 -0.79361 -1.94805 -2.93804  | time: 0.83
Point 167 positions: 1.57147 0.197186 -0.315574 0.247374 0.379807 -0.308561  | velocities: -2.67015 -0.277843 -1.14693 -0.797476 -1.95754 -2.95235  | time: 0.835
Point 168 positions: 1.55809 0.195793 -0.321321 0.243378 0.369997 -0.323356  | velocities: -2.68188 -0.279064 -1.15197 -0.80098 -1.96614 -2.96532  | time: 0.84
Point 169 positions: 1.54465 0.194395 -0.327092 0.239365 0.360147 -0.338212  | velocities: -2.6924 -0.280158 -1.15649 -0.804121 -1.97386 -2.97695  | time: 0.845
Point 170 positions: 1.53117 0.192992 -0.332885 0.235338 0.35026 -0.353123  | velocities: -2.7017 -0.281127 -1.16048 -0.806901 -1.98068 -2.98724  | time: 0.85
Point 171 positions: 1.51764 0.191584 -0.338696 0.231297 0.340342 -0.368082  | velocities: -2.7098 -0.281969 -1.16396 -0.80932 -1.98662 -2.9962  | time: 0.855
Point 172 positions: 1.50407 0.190173 -0.344524 0.227245 0.330396 -0.383083  | velocities: -2.71669 -0.282686 -1.16692 -0.811376 -1.99166 -3.00381  | time: 0.86
Point 173 positions: 1.49048 0.188758 -0.350365 0.223184 0.320427 -0.398118  | velocities: -2.72236 -0.283276 -1.16936 -0.813071 -1.99582 -3.01008  | time: 0.865
Point 174 positions: 1.47685 0.18734 -0.356216 0.219115 0.310439 -0.413181  | velocities: -2.72682 -0.283741 -1.17127 -0.814403 -1.99909 -3.01502  | time: 0.87
Point 175 positions: 1.46321 0.18592 -0.362077 0.21504 0.300437 -0.428266  | velocities: -2.73007 -0.284079 -1.17267 -0.815374 -2.00148 -3.01861  | time: 0.875
Point 176 positions: 1.44955 0.184499 -0.367942 0.210962 0.290426 -0.443365  | velocities: -2.73211 -0.284291 -1.17355 -0.815983 -2.00297 -3.02087  | time: 0.88
Point 177 positions: 1.43589 0.183078 -0.373811 0.206881 0.280409 -0.458472  | velocities: -2.73294 -0.284377 -1.1739 -0.816231 -2.00358 -3.02178  | time: 0.885
Point 178 positions: 1.42223 0.181656 -0.37968 0.2028 0.270391 -0.473581  | velocities: -2.73256 -0.284337 -1.17374 -0.816116 -2.0033 -3.02136  | time: 0.89
Point 179 positions: 1.40857 0.180235 -0.385548 0.19872 0.260377 -0.488684  | velocities: -2.73096 -0.284171 -1.17305 -0.81564 -2.00213 -3.0196  | time: 0.895
Point 180 positions: 1.39492 0.178814 -0.39141 0.194644 0.250371 -0.503775  | velocities: -2.72816 -0.28388 -1.17185 -0.814802 -2.00007 -3.01649  | time: 0.9
Point 181 positions: 1.38129 0.177396 -0.397265 0.190573 0.240378 -0.518847  | velocities: -2.72435 -0.283484 -1.17021 -0.813666 -1.99728 -3.01229  | time: 0.905
Point 182 positions: 1.36768 0.17598 -0.403112 0.186508 0.2304 -0.533896  | velocities: -2.71976 -0.283006 -1.16824 -0.812295 -1.99392 -3.00721  | time: 0.91
Point 183 positions: 1.35409 0.174566 -0.408947 0.18245 0.22044 -0.548918  | velocities: -2.71439 -0.282447 -1.16593 -0.810691 -1.98998 -3.00127  | time: 0.915
Point 184 positions: 1.34053 0.173155 -0.41477 0.178401 0.210501 -0.563907  | velocities: -2.70824 -0.281807 -1.16329 -0.808852 -1.98547 -2.99447  | time: 0.92
Point 185 positions: 1.32701 0.171748 -0.42058 0.174362 0.200586 -0.578861  | velocities: -2.70129 -0.281084 -1.16031 -0.806779 -1.98038 -2.98679  | time: 0.925
Point 186 positions: 1.31352 0.170345 -0.426373 0.170334 0.190698 -0.593774  | velocities: -2.69357 -0.280281 -1.15699 -0.804472 -1.97472 -2.97825  | time: 0.93
Point 187 positions: 1.30007 0.168945 -0.432149 0.166318 0.18084 -0.608642  | velocities: -2.68506 -0.279395 -1.15334 -0.801931 -1.96848 -2.96884  | time: 0.935
Point 188 positions: 1.28667 0.167551 -0.437906 0.162315 0.171014 -0.623461  | velocities: -2.67577 -0.278428 -1.14934 -0.799155 -1.96166 -2.95857  | time: 0.94
Point 189 positions: 1.27332 0.166161 -0.443642 0.158327 0.161224 -0.638226  | velocities: -2.66569 -0.277379 -1.14501 -0.796145 -1.95428 -2.94742  | time: 0.945
Point 190 positions: 1.26002 0.164777 -0.449355 0.154354 0.151472 -0.652933  | velocities: -2.65483 -0.276249 -1.14035 -0.792901 -1.94631 -2.93541  | time: 0.95
Point 191 positions: 1.24677 0.163399 -0.455045 0.150398 0.141762 -0.667579  | velocities: -2.64318 -0.275037 -1.13535 -0.789423 -1.93778 -2.92254  | time: 0.955
Point 192 positions: 1.23359 0.162027 -0.460708 0.14646 0.132095 -0.682157  | velocities: -2.63075 -0.273744 -1.13001 -0.78571 -1.92866 -2.90879  | time: 0.96
Point 193 positions: 1.22046 0.160662 -0.466344 0.142541 0.122476 -0.696665  | velocities: -2.61754 -0.272369 -1.12433 -0.781764 -1.91897 -2.89418  | time: 0.965
Point 194 positions: 1.20741 0.159303 -0.471951 0.138643 0.112907 -0.711098  | velocities: -2.60354 -0.270912 -1.11832 -0.777583 -1.90871 -2.8787  | time: 0.97
Point 195 positions: 1.19443 0.157953 -0.477527 0.134766 0.10339 -0.725451  | velocities: -2.58875 -0.269374 -1.11197 -0.773167 -1.89787 -2.86236  | time: 0.975
Point 196 positions: 1.18153 0.15661 -0.48307 0.130912 0.0939289 -0.73972  | velocities: -2.57319 -0.267754 -1.10528 -0.768518 -1.88646 -2.84514  | time: 0.98
Point 197 positions: 1.1687 0.155275 -0.488579 0.127081 0.0845263 -0.753901  | velocities: -2.55684 -0.266053 -1.09826 -0.763634 -1.87447 -2.82706  | time: 0.985
Point 198 positions: 1.15596 0.153949 -0.494052 0.123276 0.0751851 -0.767989  | velocities: -2.5397 -0.26427 -1.0909 -0.758517 -1.86191 -2.80812  | time: 0.99
Point 199 positions: 1.1433 0.152633 -0.499487 0.119496 0.0659082 -0.78198  | velocities: -2.52178 -0.262405 -1.0832 -0.753165 -1.84877 -2.7883  | time: 0.995
Point 200 positions: 1.13074 0.151325 -0.504884 0.115744 0.0566984 -0.795871  | velocities: -2.50308 -0.260459 -1.07517 -0.747578 -1.83506 -2.76762  | time: 1
Point 201 positions: 1.11827 0.150028 -0.510239 0.112021 0.0475579 -0.809656  | velocities: -2.48408 -0.258482 -1.06701 -0.741906 -1.82114 -2.74662  | time: 1.005
Point 202 positions: 1.1059 0.148741 -0.515554 0.108325 0.0384867 -0.823337  | velocities: -2.4653 -0.256528 -1.05894 -0.736297 -1.80737 -2.72586  | time: 1.01
Point 203 positions: 1.09362 0.147463 -0.520829 0.104658 0.029484 -0.836915  | velocities: -2.44673 -0.254596 -1.05096 -0.730751 -1.79375 -2.70532  | time: 1.015
Point 204 positions: 1.08143 0.146195 -0.526064 0.101018 0.0205489 -0.850391  | velocities: -2.42837 -0.252685 -1.04308 -0.725267 -1.78029 -2.68502  | time: 1.02
Point 205 positions: 1.06934 0.144936 -0.531259 0.0974049 0.0116808 -0.863766  | velocities: -2.41022 -0.250796 -1.03528 -0.719846 -1.76699 -2.66495  | time: 1.025
Point 206 positions: 1.05733 0.143687 -0.536417 0.0938191 0.00287881 -0.877041  | velocities: -2.39228 -0.24893 -1.02757 -0.714487 -1.75383 -2.64512  | time: 1.03
Point 207 positions: 1.04541 0.142447 -0.541535 0.09026 -0.0058578 -0.890217  | velocities: -2.37455 -0.247085 -1.01996 -0.709192 -1.74083 -2.62551  | time: 1.035
Point 208 positions: 1.03358 0.141216 -0.546616 0.0867271 -0.0145298 -0.903296  | velocities: -2.35703 -0.245261 -1.01243 -0.703959 -1.72799 -2.60614  | time: 1.04
Point 209 positions: 1.02184 0.139994 -0.55166 0.0832203 -0.023138 -0.916279  | velocities: -2.33972 -0.24346 -1.005 -0.698789 -1.7153 -2.587  | time: 1.045
Point 210 positions: 1.01019 0.138781 -0.556666 0.0797391 -0.031683 -0.929167  | velocities: -2.32262 -0.241681 -0.997651 -0.693681 -1.70276 -2.56809  | time: 1.05
Point 211 positions: 0.998617 0.137577 -0.561636 0.0762834 -0.0401658 -0.94196  | velocities: -2.30573 -0.239923 -0.990396 -0.688637 -1.69038 -2.54941  | time: 1.055
Point 212 positions: 0.98713 0.136382 -0.56657 0.0728526 -0.0485871 -0.954661  | velocities: -2.28904 -0.238187 -0.983231 -0.683655 -1.67815 -2.53097  | time: 1.06
Point 213 positions: 0.975726 0.135195 -0.571469 0.0694467 -0.0569476 -0.96727  | velocities: -2.27257 -0.236474 -0.976156 -0.678736 -1.66607 -2.51276  | time: 1.065
Point 214 positions: 0.964404 0.134017 -0.576332 0.0660652 -0.0652481 -0.979789  | velocities: -2.25631 -0.234782 -0.969172 -0.673879 -1.65415 -2.49478  | time: 1.07
Point 215 positions: 0.953162 0.132847 -0.581161 0.0627078 -0.0734894 -0.992219  | velocities: -2.24026 -0.233111 -0.962278 -0.669086 -1.64239 -2.47703  | time: 1.075
Point 216 positions: 0.942001 0.131686 -0.585955 0.0593742 -0.0816722 -1.00456  | velocities: -2.22442 -0.231463 -0.955473 -0.664355 -1.63077 -2.45952  | time: 1.08
Point 217 positions: 0.930918 0.130533 -0.590716 0.0560642 -0.0897974 -1.01681  | velocities: -2.20879 -0.229837 -0.94876 -0.659686 -1.61931 -2.44224  | time: 1.085
Point 218 positions: 0.919912 0.129387 -0.595443 0.0527773 -0.0978656 -1.02898  | velocities: -2.19337 -0.228232 -0.942136 -0.655081 -1.60801 -2.42519  | time: 1.09
Point 219 positions: 0.908984 0.12825 -0.600137 0.0495132 -0.105878 -1.04107  | velocities: -2.17816 -0.226649 -0.935602 -0.650538 -1.59686 -2.40837  | time: 1.095
Point 220 positions: 0.89813 0.127121 -0.604799 0.0462718 -0.113834 -1.05307  | velocities: -2.16316 -0.225089 -0.929159 -0.646058 -1.58586 -2.39178  | time: 1.1
Point 221 positions: 0.887352 0.125999 -0.609429 0.0430526 -0.121736 -1.06498  | velocities: -2.14824 -0.223536 -0.922749 -0.641601 -1.57492 -2.37528  | time: 1.105
Point 222 positions: 0.876648 0.124886 -0.614027 0.0398558 -0.129584 -1.07682  | velocities: -2.13326 -0.221977 -0.916315 -0.637127 -1.56394 -2.35872  | time: 1.11
Point 223 positions: 0.866019 0.12378 -0.618592 0.0366814 -0.137376 -1.08857  | velocities: -2.11822 -0.220413 -0.909857 -0.632637 -1.55292 -2.34209  | time: 1.115
Point 224 positions: 0.855466 0.122681 -0.623125 0.0335295 -0.145113 -1.10024  | velocities: -2.10313 -0.218842 -0.903374 -0.628129 -1.54185 -2.32541  | time: 1.12
Point 225 positions: 0.844988 0.121591 -0.627626 0.0304001 -0.152794 -1.11183  | velocities: -2.08798 -0.217266 -0.896868 -0.623605 -1.53075 -2.30866  | time: 1.125
Point 226 positions: 0.834586 0.120509 -0.632094 0.0272934 -0.16042 -1.12333  | velocities: -2.07278 -0.215684 -0.890338 -0.619065 -1.5196 -2.29185  | time: 1.13
Point 227 positions: 0.82426 0.119434 -0.636529 0.0242095 -0.16799 -1.13474  | velocities: -2.05752 -0.214096 -0.883784 -0.614507 -1.50842 -2.27498  | time: 1.135
Point 228 positions: 0.814011 0.118368 -0.640931 0.0211484 -0.175504 -1.14608  | velocities: -2.04221 -0.212503 -0.877205 -0.609933 -1.49719 -2.25805  | time: 1.14
Point 229 positions: 0.803839 0.117309 -0.645301 0.0181102 -0.182962 -1.15732  | velocities: -2.02684 -0.210903 -0.870603 -0.605343 -1.48592 -2.24105  | time: 1.145
Point 230 positions: 0.793743 0.116259 -0.649637 0.015095 -0.190363 -1.16849  | velocities: -2.01141 -0.209298 -0.863976 -0.600735 -1.47461 -2.22399  | time: 1.15
Point 231 positions: 0.783725 0.115216 -0.653941 0.0121029 -0.197708 -1.17956  | velocities: -1.99593 -0.207687 -0.857326 -0.596111 -1.46326 -2.20687  | time: 1.155
Point 232 positions: 0.773784 0.114182 -0.658211 0.0091339 -0.204996 -1.19056  | velocities: -1.98039 -0.20607 -0.850651 -0.59147 -1.45187 -2.18969  | time: 1.16
Point 233 positions: 0.763921 0.113156 -0.662447 0.00618819 -0.212227 -1.20146  | velocities: -1.96479 -0.204447 -0.843953 -0.586813 -1.44043 -2.17245  | time: 1.165
Point 234 positions: 0.754136 0.112138 -0.66665 0.0032658 -0.2194 -1.21228  | velocities: -1.94914 -0.202819 -0.83723 -0.582138 -1.42896 -2.15514  | time: 1.17
Point 235 positions: 0.744429 0.111127 -0.670819 0.000366835 -0.226516 -1.22301  | velocities: -1.93343 -0.201184 -0.830483 -0.577447 -1.41744 -2.13778  | time: 1.175
Point 236 positions: 0.734802 0.110126 -0.674955 -0.00250864 -0.233574 -1.23366  | velocities: -1.91767 -0.199544 -0.823713 -0.572739 -1.40589 -2.12035  | time: 1.18
Point 237 positions: 0.725253 0.109132 -0.679057 -0.00536053 -0.240575 -1.24422  | velocities: -1.90185 -0.197898 -0.816918 -0.568015 -1.39429 -2.10286  | time: 1.185
Point 238 positions: 0.715783 0.108147 -0.683124 -0.00818876 -0.247517 -1.25469  | velocities: -1.88598 -0.196246 -0.810099 -0.563274 -1.38265 -2.08531  | time: 1.19
Point 239 positions: 0.706393 0.10717 -0.687157 -0.0109932 -0.254401 -1.26507  | velocities: -1.87005 -0.194589 -0.803256 -0.558516 -1.37097 -2.06769  | time: 1.195
Point 240 positions: 0.697083 0.106201 -0.691157 -0.0137739 -0.261227 -1.27536  | velocities: -1.85406 -0.192925 -0.79639 -0.553741 -1.35925 -2.05002  | time: 1.2
Point 241 positions: 0.687853 0.10524 -0.695121 -0.0165306 -0.267994 -1.28557  | velocities: -1.83805 -0.191259 -0.789514 -0.54896 -1.34752 -2.03232  | time: 1.205
Point 242 positions: 0.678702 0.104288 -0.699052 -0.0192635 -0.274702 -1.29569  | velocities: -1.82206 -0.189595 -0.782644 -0.544184 -1.33579 -2.01463  | time: 1.21
Point 243 positions: 0.669632 0.103344 -0.702948 -0.0219725 -0.281352 -1.30572  | velocities: -1.80608 -0.187932 -0.77578 -0.539411 -1.32408 -1.99696  | time: 1.215
Point 244 positions: 0.660641 0.102409 -0.70681 -0.0246576 -0.287943 -1.31566  | velocities: -1.79011 -0.186271 -0.768922 -0.534642 -1.31237 -1.97931  | time: 1.22
Point 245 positions: 0.651731 0.101482 -0.710637 -0.0273189 -0.294476 -1.32551  | velocities: -1.77416 -0.184611 -0.762069 -0.529878 -1.30068 -1.96167  | time: 1.225
Point 246 positions: 0.6429 0.100563 -0.71443 -0.0299564 -0.30095 -1.33527  | velocities: -1.75822 -0.182953 -0.755223 -0.525118 -1.28899 -1.94405  | time: 1.23
Point 247 positions: 0.634148 0.0996522 -0.718189 -0.0325701 -0.307366 -1.34495  | velocities: -1.7423 -0.181296 -0.748383 -0.520361 -1.27732 -1.92644  | time: 1.235
Point 248 positions: 0.625477 0.0987498 -0.721914 -0.03516 -0.313723 -1.35454  | velocities: -1.72639 -0.17964 -0.741548 -0.515609 -1.26565 -1.90885  | time: 1.24
Point 249 positions: 0.616885 0.0978558 -0.725605 -0.0377262 -0.320022 -1.36404  | velocities: -1.71049 -0.177986 -0.73472 -0.510861 -1.254 -1.89127  | time: 1.245
Point 250 positions: 0.608372 0.09697 -0.729261 -0.0402686 -0.326263 -1.37345  | velocities: -1.69461 -0.176333 -0.727897 -0.506118 -1.24235 -1.87371  | time: 1.25
Point 251 positions: 0.599938 0.0960924 -0.732884 -0.0427874 -0.332446 -1.38277  | velocities: -1.67874 -0.174682 -0.721081 -0.501378 -1.23072 -1.85616  | time: 1.255
Point 252 positions: 0.591584 0.0952231 -0.736472 -0.0452824 -0.33857 -1.39201  | velocities: -1.66288 -0.173032 -0.71427 -0.496642 -1.21909 -1.83863  | time: 1.26
Point 253 positions: 0.58331 0.0943621 -0.740026 -0.0477538 -0.344637 -1.40116  | velocities: -1.64704 -0.171383 -0.707465 -0.491911 -1.20748 -1.82111  | time: 1.265
Point 254 positions: 0.575114 0.0935093 -0.743547 -0.0502015 -0.350645 -1.41022  | velocities: -1.63121 -0.169736 -0.700666 -0.487184 -1.19588 -1.80361  | time: 1.27
Point 255 positions: 0.566998 0.0926647 -0.747033 -0.0526257 -0.356595 -1.4192  | velocities: -1.6154 -0.168091 -0.693874 -0.48246 -1.18428 -1.78612  | time: 1.275
Point 256 positions: 0.55896 0.0918284 -0.750486 -0.0550262 -0.362488 -1.42808  | velocities: -1.59959 -0.166447 -0.687087 -0.477741 -1.1727 -1.76865  | time: 1.28
Point 257 positions: 0.551002 0.0910003 -0.753904 -0.0574031 -0.368322 -1.43688  | velocities: -1.58381 -0.164804 -0.680305 -0.473026 -1.16112 -1.7512  | time: 1.285
Point 258 positions: 0.543122 0.0901804 -0.757289 -0.0597564 -0.374099 -1.4456  | velocities: -1.56803 -0.163163 -0.67353 -0.468315 -1.14956 -1.73376  | time: 1.29
Point 259 positions: 0.535321 0.0893686 -0.760639 -0.0620862 -0.379818 -1.45422  | velocities: -1.55228 -0.161523 -0.666761 -0.463609 -1.13801 -1.71633  | time: 1.295
Point 260 positions: 0.527599 0.0885651 -0.763956 -0.0643925 -0.385479 -1.46276  | velocities: -1.53653 -0.159884 -0.659998 -0.458906 -1.12646 -1.69892  | time: 1.3
Point 261 positions: 0.519956 0.0877698 -0.767239 -0.0666753 -0.391083 -1.47121  | velocities: -1.52079 -0.158247 -0.653238 -0.454206 -1.11493 -1.68152  | time: 1.305
Point 262 positions: 0.512391 0.0869827 -0.770489 -0.0689346 -0.396628 -1.47957  | velocities: -1.50505 -0.156609 -0.646478 -0.449505 -1.10339 -1.66412  | time: 1.31
Point 263 positions: 0.504905 0.0862037 -0.773704 -0.0711704 -0.402117 -1.48785  | velocities: -1.48932 -0.154972 -0.639718 -0.444805 -1.09185 -1.64672  | time: 1.315
Point 264 positions: 0.497498 0.085433 -0.776886 -0.0733826 -0.407547 -1.49604  | velocities: -1.47358 -0.153334 -0.632959 -0.440106 -1.08032 -1.62932  | time: 1.32
Point 265 positions: 0.49017 0.0846704 -0.780034 -0.0755714 -0.41292 -1.50414  | velocities: -1.45785 -0.151697 -0.6262 -0.435406 -1.06878 -1.61192  | time: 1.325
Point 266 positions: 0.48292 0.083916 -0.783148 -0.0777367 -0.418235 -1.51216  | velocities: -1.44211 -0.15006 -0.619442 -0.430707 -1.05724 -1.59453  | time: 1.33
Point 267 positions: 0.475748 0.0831698 -0.786228 -0.0798785 -0.423492 -1.52009  | velocities: -1.42638 -0.148422 -0.612684 -0.426008 -1.04571 -1.57713  | time: 1.335
Point 268 positions: 0.468656 0.0824318 -0.789275 -0.0819968 -0.428692 -1.52793  | velocities: -1.41065 -0.146785 -0.605926 -0.421309 -1.03418 -1.55974  | time: 1.34
Point 269 positions: 0.461642 0.0817019 -0.792287 -0.0840916 -0.433834 -1.53569  | velocities: -1.39491 -0.145148 -0.599168 -0.41661 -1.02264 -1.54234  | time: 1.345
Point 270 positions: 0.454707 0.0809803 -0.795266 -0.0861629 -0.438918 -1.54336  | velocities: -1.37918 -0.143511 -0.592411 -0.411912 -1.01111 -1.52495  | time: 1.35
Point 271 positions: 0.44785 0.0802668 -0.798211 -0.0882107 -0.443945 -1.55094  | velocities: -1.36345 -0.141875 -0.585654 -0.407214 -0.999577 -1.50755  | time: 1.355
Point 272 positions: 0.441072 0.0795615 -0.801123 -0.090235 -0.448914 -1.55843  | velocities: -1.34772 -0.140238 -0.578898 -0.402516 -0.988045 -1.49016  | time: 1.36
Point 273 positions: 0.434373 0.0788644 -0.804 -0.0922358 -0.453825 -1.56584  | velocities: -1.33199 -0.138601 -0.572142 -0.397818 -0.976514 -1.47277  | time: 1.365
Point 274 positions: 0.427752 0.0781755 -0.806844 -0.0942132 -0.458679 -1.57316  | velocities: -1.31627 -0.136965 -0.565386 -0.393121 -0.964984 -1.45538  | time: 1.37
Point 275 positions: 0.42121 0.0774948 -0.809654 -0.0961671 -0.463475 -1.58039  | velocities: -1.30054 -0.135328 -0.55863 -0.388424 -0.953454 -1.43799  | time: 1.375
Point 276 positions: 0.414747 0.0768222 -0.812431 -0.0980974 -0.468214 -1.58754  | velocities: -1.28481 -0.133692 -0.551875 -0.383727 -0.941924 -1.4206  | time: 1.38
Point 277 positions: 0.408362 0.0761579 -0.815173 -0.100004 -0.472895 -1.5946  | velocities: -1.26909 -0.132055 -0.54512 -0.37903 -0.930395 -1.40321  | time: 1.385
Point 278 positions: 0.402056 0.0755017 -0.817882 -0.101888 -0.477518 -1.60157  | velocities: -1.25336 -0.130419 -0.538366 -0.374334 -0.918867 -1.38583  | time: 1.39
Point 279 positions: 0.395828 0.0748537 -0.820557 -0.103748 -0.482083 -1.60846  | velocities: -1.23764 -0.128783 -0.531612 -0.369637 -0.907339 -1.36844  | time: 1.395
Point 280 positions: 0.38968 0.0742139 -0.823198 -0.105584 -0.486591 -1.61526  | velocities: -1.22191 -0.127147 -0.524858 -0.364941 -0.895812 -1.35106  | time: 1.4
Point 281 positions: 0.383609 0.0735822 -0.825805 -0.107397 -0.491041 -1.62197  | velocities: -1.20618 -0.12551 -0.518101 -0.360243 -0.884279 -1.33366  | time: 1.405
Point 282 positions: 0.377618 0.0729588 -0.828379 -0.109187 -0.495434 -1.62859  | velocities: -1.19043 -0.123871 -0.511336 -0.355539 -0.872733 -1.31625  | time: 1.41
Point 283 positions: 0.371705 0.0723435 -0.830919 -0.110952 -0.499769 -1.63513  | velocities: -1.17467 -0.122231 -0.504564 -0.350831 -0.861175 -1.29882  | time: 1.415
Point 284 positions: 0.365871 0.0717365 -0.833425 -0.112695 -0.504046 -1.64158  | velocities: -1.15889 -0.120588 -0.497785 -0.346117 -0.849605 -1.28137  | time: 1.42
Point 285 positions: 0.360116 0.0711376 -0.835896 -0.114414 -0.508265 -1.64794  | velocities: -1.14309 -0.118944 -0.490999 -0.341399 -0.838022 -1.2639  | time: 1.425
Point 286 positions: 0.35444 0.070547 -0.838335 -0.116109 -0.512426 -1.65422  | velocities: -1.12727 -0.117299 -0.484205 -0.336675 -0.826427 -1.24641  | time: 1.43
Point 287 positions: 0.348844 0.0699646 -0.840739 -0.11778 -0.516529 -1.66041  | velocities: -1.11144 -0.115651 -0.477404 -0.331946 -0.81482 -1.2289  | time: 1.435
Point 288 positions: 0.343326 0.0693905 -0.843109 -0.119428 -0.520574 -1.66651  | velocities: -1.09559 -0.114002 -0.470596 -0.327212 -0.8032 -1.21138  | time: 1.44
Point 289 positions: 0.337888 0.0688246 -0.845444 -0.121052 -0.524561 -1.67252  | velocities: -1.07972 -0.112351 -0.463781 -0.322474 -0.791567 -1.19384  | time: 1.445
Point 290 positions: 0.332529 0.068267 -0.847746 -0.122653 -0.52849 -1.67845  | velocities: -1.06384 -0.110698 -0.456958 -0.31773 -0.779923 -1.17627  | time: 1.45
Point 291 positions: 0.327249 0.0677177 -0.850014 -0.12423 -0.53236 -1.68428  | velocities: -1.04794 -0.109043 -0.450128 -0.312981 -0.768266 -1.15869  | time: 1.455
Point 292 positions: 0.322049 0.0671766 -0.852248 -0.125783 -0.536172 -1.69003  | velocities: -1.03202 -0.107387 -0.443291 -0.308227 -0.756596 -1.14109  | time: 1.46
Point 293 positions: 0.316929 0.0666438 -0.854447 -0.127312 -0.539926 -1.69569  | velocities: -1.01608 -0.105729 -0.436447 -0.303468 -0.744914 -1.12347  | time: 1.465
Point 294 positions: 0.311889 0.0661193 -0.856612 -0.128817 -0.543621 -1.70127  | velocities: -1.00013 -0.104069 -0.429595 -0.298704 -0.73322 -1.10584  | time: 1.47
Point 295 positions: 0.306928 0.0656031 -0.858743 -0.130299 -0.547258 -1.70675  | velocities: -0.984165 -0.102408 -0.422736 -0.293935 -0.721513 -1.08818  | time: 1.475
Point 296 positions: 0.302047 0.0650952 -0.860839 -0.131757 -0.550836 -1.71215  | velocities: -0.96818 -0.100744 -0.41587 -0.28916 -0.709794 -1.07051  | time: 1.48
Point 297 positions: 0.297246 0.0645957 -0.862902 -0.133191 -0.554356 -1.71746  | velocities: -0.952178 -0.0990792 -0.408996 -0.284381 -0.698063 -1.05281  | time: 1.485
Point 298 positions: 0.292525 0.0641044 -0.864929 -0.134601 -0.557817 -1.72268  | velocities: -0.936159 -0.0974124 -0.402116 -0.279597 -0.686319 -1.0351  | time: 1.49
Point 299 positions: 0.287885 0.0636215 -0.866923 -0.135987 -0.561219 -1.72781  | velocities: -0.920123 -0.0957438 -0.395228 -0.274807 -0.674563 -1.01737  | time: 1.495
Point 300 positions: 0.283324 0.063147 -0.868882 -0.137349 -0.564563 -1.73285  | velocities: -0.90407 -0.0940734 -0.388332 -0.270013 -0.662794 -0.99962  | time: 1.5
Point 301 positions: 0.278844 0.0626808 -0.870806 -0.138687 -0.567847 -1.7378  | velocities: -0.888042 -0.0924056 -0.381448 -0.265226 -0.651043 -0.981898  | time: 1.505
Point 302 positions: 0.274444 0.0622229 -0.872696 -0.140001 -0.571073 -1.74267  | velocities: -0.872081 -0.0907448 -0.374592 -0.260459 -0.639342 -0.96425  | time: 1.51
Point 303 positions: 0.270123 0.0617733 -0.874552 -0.141291 -0.574241 -1.74745  | velocities: -0.856187 -0.0890909 -0.367765 -0.255712 -0.62769 -0.946676  | time: 1.515
Point 304 positions: 0.265882 0.061332 -0.876374 -0.142558 -0.57735 -1.75214  | velocities: -0.84036 -0.087444 -0.360966 -0.250985 -0.616086 -0.929176  | time: 1.52
Point 305 positions: 0.261719 0.0608989 -0.878162 -0.143801 -0.580402 -1.75674  | velocities: -0.824599 -0.085804 -0.354197 -0.246278 -0.604532 -0.91175  | time: 1.525
Point 306 positions: 0.257635 0.0604739 -0.879916 -0.145021 -0.583396 -1.76125  | velocities: -0.808906 -0.084171 -0.347456 -0.241591 -0.593027 -0.894398  | time: 1.53
Point 307 positions: 0.25363 0.0600572 -0.881636 -0.146217 -0.586332 -1.76568  | velocities: -0.793279 -0.082545 -0.340743 -0.236924 -0.581571 -0.87712  | time: 1.535
Point 308 positions: 0.249703 0.0596485 -0.883323 -0.14739 -0.589211 -1.77003  | velocities: -0.777719 -0.0809259 -0.33406 -0.232277 -0.570163 -0.859916  | time: 1.54
Point 309 positions: 0.245853 0.0592479 -0.884977 -0.14854 -0.592034 -1.77428  | velocities: -0.762227 -0.0793138 -0.327405 -0.22765 -0.558805 -0.842785  | time: 1.545
Point 310 positions: 0.24208 0.0588553 -0.886597 -0.149667 -0.5948 -1.77845  | velocities: -0.7468 -0.0777086 -0.320779 -0.223042 -0.547496 -0.825729  | time: 1.55
Point 311 positions: 0.238385 0.0584708 -0.888185 -0.15077 -0.597509 -1.78254  | velocities: -0.731441 -0.0761104 -0.314182 -0.218455 -0.536236 -0.808746  | time: 1.555
Point 312 positions: 0.234766 0.0580942 -0.889739 -0.151851 -0.600162 -1.78654  | velocities: -0.716149 -0.0745192 -0.307613 -0.213888 -0.525025 -0.791838  | time: 1.56
Point 313 positions: 0.231223 0.0577256 -0.891261 -0.152909 -0.602759 -1.79046  | velocities: -0.700924 -0.0729349 -0.301073 -0.209341 -0.513863 -0.775003  | time: 1.565
Point 314 positions: 0.227756 0.0573649 -0.89275 -0.153945 -0.605301 -1.79429  | velocities: -0.685765 -0.0713576 -0.294562 -0.204813 -0.50275 -0.758243  | time: 1.57
Point 315 positions: 0.224365 0.057012 -0.894207 -0.154958 -0.607787 -1.79804  | velocities: -0.670673 -0.0697872 -0.28808 -0.200306 -0.491686 -0.741556  | time: 1.575
Point 316 positions: 0.221049 0.056667 -0.895631 -0.155948 -0.610218 -1.80171  | velocities: -0.655648 -0.0682238 -0.281626 -0.195819 -0.480671 -0.724943  | time: 1.58
Point 317 positions: 0.217809 0.0563298 -0.897023 -0.156916 -0.612594 -1.80529  | velocities: -0.640691 -0.0666673 -0.275201 -0.191351 -0.469705 -0.708404  | time: 1.585
Point 318 positions: 0.214642 0.0560003 -0.898383 -0.157861 -0.614915 -1.80879  | velocities: -0.625799 -0.0651178 -0.268805 -0.186904 -0.458788 -0.691939  | time: 1.59
Point 319 positions: 0.211551 0.0556786 -0.899711 -0.158785 -0.617181 -1.81221  | velocities: -0.610975 -0.0635753 -0.262437 -0.182476 -0.44792 -0.675548  | time: 1.595
Point 320 positions: 0.208533 0.0553645 -0.901007 -0.159686 -0.619394 -1.81555  | velocities: -0.596218 -0.0620397 -0.256098 -0.178069 -0.437101 -0.659231  | time: 1.6
Point 321 positions: 0.205589 0.0550582 -0.902272 -0.160565 -0.621552 -1.8188  | velocities: -0.581369 -0.0604946 -0.24972 -0.173634 -0.426214 -0.642813  | time: 1.605
Point 322 positions: 0.202719 0.0547596 -0.903504 -0.161422 -0.623656 -1.82197  | velocities: -0.566269 -0.0589233 -0.243234 -0.169124 -0.415144 -0.626117  | time: 1.61
Point 323 positions: 0.199926 0.054469 -0.904704 -0.162257 -0.625704 -1.82506  | velocities: -0.550919 -0.0573261 -0.23664 -0.164539 -0.403891 -0.609144  | time: 1.615
Point 324 positions: 0.197211 0.0541864 -0.905871 -0.163068 -0.627694 -1.82807  | velocities: -0.535318 -0.0557027 -0.229939 -0.15988 -0.392453 -0.591895  | time: 1.62
Point 325 positions: 0.194573 0.053912 -0.907003 -0.163855 -0.629628 -1.83098  | velocities: -0.519466 -0.0540533 -0.22313 -0.155146 -0.380832 -0.574368  | time: 1.625
Point 326 positions: 0.192016 0.0536459 -0.908102 -0.164619 -0.631502 -1.83381  | velocities: -0.503364 -0.0523778 -0.216214 -0.150337 -0.369028 -0.556564  | time: 1.63
Point 327 positions: 0.18954 0.0533883 -0.909165 -0.165359 -0.633318 -1.83655  | velocities: -0.487012 -0.0506762 -0.20919 -0.145453 -0.357039 -0.538483  | time: 1.635
Point 328 positions: 0.187147 0.0531392 -0.910193 -0.166073 -0.635073 -1.83919  | velocities: -0.470409 -0.0489486 -0.202058 -0.140494 -0.344867 -0.520125  | time: 1.64
Point 329 positions: 0.184837 0.0528988 -0.911186 -0.166763 -0.636766 -1.84175  | velocities: -0.453555 -0.0471948 -0.194819 -0.13546 -0.332511 -0.50149  | time: 1.645
Point 330 positions: 0.182611 0.0526673 -0.912142 -0.167428 -0.638397 -1.84421  | velocities: -0.436451 -0.045415 -0.187472 -0.130352 -0.319972 -0.482579  | time: 1.65
Point 331 positions: 0.180473 0.0524447 -0.91306 -0.168067 -0.639965 -1.84657  | velocities: -0.419096 -0.0436092 -0.180017 -0.125169 -0.307248 -0.46339  | time: 1.655
Point 332 positions: 0.178421 0.0522312 -0.913942 -0.168679 -0.64147 -1.84884  | velocities: -0.40149 -0.0417773 -0.172455 -0.119911 -0.294342 -0.443923  | time: 1.66
Point 333 positions: 0.176458 0.052027 -0.914785 -0.169266 -0.642909 -1.85101  | velocities: -0.383634 -0.0399192 -0.164786 -0.114578 -0.281251 -0.42418  | time: 1.665
Point 334 positions: 0.174585 0.0518321 -0.915589 -0.169825 -0.644282 -1.85308  | velocities: -0.365528 -0.0380352 -0.157008 -0.10917 -0.267977 -0.40416  | time: 1.67
Point 335 positions: 0.172803 0.0516467 -0.916355 -0.170357 -0.645588 -1.85505  | velocities: -0.347171 -0.036125 -0.149123 -0.103687 -0.254519 -0.383863  | time: 1.675
Point 336 positions: 0.171114 0.0514709 -0.91708 -0.170862 -0.646827 -1.85692  | velocities: -0.328563 -0.0341888 -0.14113 -0.09813 -0.240877 -0.363289  | time: 1.68
Point 337 positions: 0.169518 0.0513048 -0.917766 -0.171338 -0.647997 -1.85869  | velocities: -0.309705 -0.0322265 -0.13303 -0.0924977 -0.227052 -0.342438  | time: 1.685
Point 338 positions: 0.168017 0.0511487 -0.91841 -0.171787 -0.649097 -1.86034  | velocities: -0.290596 -0.0302381 -0.124822 -0.0867907 -0.213043 -0.321309  | time: 1.69
Point 339 positions: 0.166612 0.0510025 -0.919014 -0.172206 -0.650127 -1.8619  | velocities: -0.271237 -0.0282237 -0.116507 -0.0810087 -0.19885 -0.299904  | time: 1.695
Point 340 positions: 0.165305 0.0508665 -0.919575 -0.172597 -0.651085 -1.86334  | velocities: -0.251627 -0.0261832 -0.108083 -0.075152 -0.184474 -0.278221  | time: 1.7
Point 341 positions: 0.164095 0.0507406 -0.920095 -0.172958 -0.651972 -1.86468  | velocities: -0.23246 -0.0241887 -0.0998502 -0.0694273 -0.170421 -0.257028  | time: 1.705
Point 342 positions: 0.162979 0.0506244 -0.920575 -0.173291 -0.652791 -1.86592  | velocities: -0.214427 -0.0223123 -0.0921044 -0.0640415 -0.157201 -0.237089  | time: 1.71
Point 343 positions: 0.161949 0.0505173 -0.921017 -0.173599 -0.653545 -1.86705  | velocities: -0.197529 -0.0205539 -0.084846 -0.0589947 -0.144813 -0.218405  | time: 1.715
Point 344 positions: 0.161001 0.0504187 -0.921424 -0.173882 -0.65424 -1.8681  | velocities: -0.181765 -0.0189137 -0.0780751 -0.0542868 -0.133256 -0.200976  | time: 1.72
Point 345 positions: 0.16013 0.0503279 -0.921798 -0.174142 -0.654879 -1.86907  | velocities: -0.167137 -0.0173915 -0.0717917 -0.0499178 -0.122532 -0.184802  | time: 1.725
Point 346 positions: 0.159328 0.0502445 -0.922143 -0.174382 -0.655467 -1.86995  | velocities: -0.153644 -0.0159874 -0.0659957 -0.0458878 -0.11264 -0.169882  | time: 1.73
Point 347 positions: 0.158591 0.0501679 -0.922459 -0.174602 -0.656007 -1.87077  | velocities: -0.141285 -0.0147015 -0.0606872 -0.0421967 -0.103579 -0.156217  | time: 1.735
Point 348 positions: 0.157913 0.0500973 -0.92275 -0.174804 -0.656504 -1.87152  | velocities: -0.130061 -0.0135335 -0.0558661 -0.0388445 -0.0953506 -0.143807  | time: 1.74
Point 349 positions: 0.157289 0.0500323 -0.923019 -0.174991 -0.656962 -1.87221  | velocities: -0.119972 -0.0124837 -0.0515325 -0.0358313 -0.0879541 -0.132652  | time: 1.745
Point 350 positions: 0.156712 0.0499723 -0.923266 -0.175163 -0.657385 -1.87284  | velocities: -0.111018 -0.011552 -0.0476863 -0.033157 -0.0813896 -0.122751  | time: 1.75
Point 351 positions: 0.156177 0.0499166 -0.923496 -0.175323 -0.657777 -1.87344  | velocities: -0.103198 -0.0107383 -0.0443276 -0.0308216 -0.075657 -0.114105  | time: 1.755
Point 352 positions: 0.155678 0.0498647 -0.92371 -0.175472 -0.658143 -1.87399  | velocities: -0.0965138 -0.0100428 -0.0414563 -0.0288252 -0.0707564 -0.106714  | time: 1.76
Point 353 positions: 0.15521 0.049816 -0.923912 -0.175612 -0.658486 -1.87451  | velocities: -0.0909641 -0.00946531 -0.0390725 -0.0271677 -0.0666878 -0.100578  | time: 1.765
Point 354 positions: 0.154766 0.0497699 -0.924102 -0.175744 -0.658811 -1.875  | velocities: -0.0865492 -0.00900591 -0.0371762 -0.0258491 -0.0634512 -0.0956965  | time: 1.77
Point 355 positions: 0.154342 0.0497257 -0.924284 -0.175871 -0.659122 -1.87546  | velocities: -0.0832692 -0.00866461 -0.0357673 -0.0248695 -0.0610465 -0.0920698  | time: 1.775
Point 356 positions: 0.153932 0.049683 -0.92446 -0.175993 -0.659423 -1.87592  | velocities: -0.081124 -0.00844139 -0.0348458 -0.0242288 -0.0594738 -0.0896979  | time: 1.78
Point 357 positions: 0.153529 0.0496411 -0.924633 -0.176114 -0.659718 -1.87636  | velocities: -0.0801136 -0.00833625 -0.0344118 -0.023927 -0.0587331 -0.0885807  | time: 1.785
Point 358 positions: 0.153129 0.0495995 -0.924805 -0.176233 -0.660012 -1.87681  | velocities: -0.0802381 -0.00834921 -0.0344653 -0.0239642 -0.0588243 -0.0887183  | time: 1.79
