Point 0 (t=0.000s)
  positions: 2.673 0.312 0.158 0.576 1.187 0.909 
  velocities: -0.000 -0.000 -0.000 -0.000 -0.000 -0.000 
  accelerations: 0.000 0.000 0.000 0.000 0.000 0.000 
---------------------------------
Point 1 (t=0.100s)
  positions: 2.657 0.310 0.151 0.572 1.176 0.892 
  velocities: -0.316 -0.033 -0.136 -0.094 -0.231 -0.349 
  accelerations: -3.156 -0.328 -1.356 -0.943 -2.314 -3.490 
---------------------------------
Point 2 (t=0.200s)
  positions: 2.610 0.305 0.130 0.558 1.141 0.840 
  velocities: -0.631 -0.066 -0.271 -0.189 -0.463 -0.698 
  accelerations: -3.156 -0.328 -1.356 -0.943 -2.314 -3.490 
---------------------------------
Point 3 (t=0.300s)
  positions: 2.531 0.297 0.097 0.534 1.083 0.752 
  velocities: -0.947 -0.099 -0.407 -0.283 -0.694 -1.047 
  accelerations: -3.156 -0.328 -1.356 -0.943 -2.314 -3.490 
---------------------------------
Point 4 (t=0.400s)
  positions: 2.421 0.286 0.049 0.501 1.002 0.630 
  velocities: -1.263 -0.131 -0.542 -0.377 -0.926 -1.396 
  accelerations: -3.156 -0.328 -1.356 -0.943 -2.314 -3.490 
---------------------------------
Point 5 (t=0.500s)
  positions: 2.279 0.271 -0.012 0.459 0.898 0.473 
  velocities: -1.578 -0.164 -0.678 -0.471 -1.157 -1.745 
  accelerations: -3.156 -0.328 -1.356 -0.943 -2.314 -3.490 
---------------------------------
Point 6 (t=0.600s)
  positions: 2.105 0.253 -0.086 0.407 0.771 0.281 
  velocities: -1.894 -0.197 -0.813 -0.566 -1.388 -2.094 
  accelerations: -3.156 -0.328 -1.356 -0.943 -2.314 -3.490 
---------------------------------
Point 7 (t=0.700s)
  positions: 1.900 0.231 -0.175 0.345 0.621 0.054 
  velocities: -2.209 -0.230 -0.949 -0.660 -1.620 -2.443 
  accelerations: -3.156 -0.328 -1.356 -0.943 -2.314 -3.490 
---------------------------------
Point 8 (t=0.800s)
  positions: 1.663 0.207 -0.276 0.275 0.447 -0.207 
  velocities: -2.525 -0.263 -1.085 -0.754 -1.851 -2.792 
  accelerations: -3.156 -0.328 -1.356 -0.943 -2.314 -3.490 
---------------------------------
Point 9 (t=0.900s)
  positions: 1.395 0.179 -0.391 0.195 0.250 -0.504 
  velocities: -2.800 -0.291 -1.203 -0.836 -2.052 -3.095 
  accelerations: 3.156 0.328 1.356 0.943 2.314 3.490 
---------------------------------
Point 10 (t=1.000s)
  positions: 1.131 0.151 -0.505 0.116 0.057 -0.796 
  velocities: -2.484 -0.258 -1.067 -0.742 -1.821 -2.746 
  accelerations: 3.156 0.328 1.356 0.943 2.314 3.490 
---------------------------------
Point 11 (t=1.100s)
  positions: 0.898 0.127 -0.605 0.046 -0.114 -1.053 
  velocities: -2.168 -0.226 -0.931 -0.648 -1.590 -2.397 
  accelerations: 3.156 0.328 1.356 0.943 2.314 3.490 
---------------------------------
Point 12 (t=1.200s)
  positions: 0.697 0.106 -0.691 -0.014 -0.261 -1.275 
  velocities: -1.853 -0.193 -0.796 -0.553 -1.358 -2.048 
  accelerations: 3.156 0.328 1.356 0.943 2.314 3.490 
---------------------------------
Point 13 (t=1.300s)
  positions: 0.528 0.089 -0.764 -0.064 -0.385 -1.463 
  velocities: -1.537 -0.160 -0.660 -0.459 -1.127 -1.699 
  accelerations: 3.156 0.328 1.356 0.943 2.314 3.490 
---------------------------------
Point 14 (t=1.400s)
  positions: 0.390 0.074 -0.823 -0.106 -0.487 -1.615 
  velocities: -1.221 -0.127 -0.525 -0.365 -0.895 -1.350 
  accelerations: 3.156 0.328 1.356 0.943 2.314 3.490 
---------------------------------
Point 15 (t=1.500s)
  positions: 0.283 0.063 -0.869 -0.137 -0.565 -1.733 
  velocities: -0.906 -0.094 -0.389 -0.271 -0.664 -1.001 
  accelerations: 3.156 0.328 1.356 0.943 2.314 3.490 
---------------------------------
Point 16 (t=1.600s)
  positions: 0.209 0.055 -0.901 -0.160 -0.619 -1.816 
  velocities: -0.590 -0.061 -0.253 -0.176 -0.433 -0.652 
  accelerations: 3.156 0.328 1.356 0.943 2.314 3.490 
---------------------------------
Point 17 (t=1.700s)
  positions: 0.165 0.051 -0.920 -0.173 -0.651 -1.863 
  velocities: -0.274 -0.029 -0.118 -0.082 -0.201 -0.303 
  accelerations: 3.156 0.328 1.356 0.943 2.314 3.490 
---------------------------------
Point 18 (t=1.787s)
  positions: 0.153 0.050 -0.925 -0.176 -0.660 -1.877 
  velocities: 0.000 0.000 0.000 0.000 0.000 0.000 
  accelerations: 3.156 0.328 1.356 0.943 2.314 3.490 
---------------------------------
